0 0.477115 0.477115 0.476528 0.476528 0.480341 0.480341 0.494419 0.494419 0.511725 0.511725 0.525510 0.525510 0.534895 0.534895 0.541934 0.541934 0.543988 0.543988 0.545454 0.545454 0.519643 0.519643 0.503806 0.503806 0.486500 0.486500
0 0.475648 0.475648 0.476821 0.476821 0.474768 0.474768 0.483274 0.483274 0.479168 0.479168 0.469782 0.469782 0.457756 0.457756 0.449251 0.449251 0.438985 0.438985 0.431066 0.431066 0.425786 0.425786 0.423734 0.423734 0.426373 0.426373 0.434586 0.434586 0.441038 0.441038 0.450717 0.450717 0.454824 0.454824 0.453943 0.453943 0.463036 0.463036 0.468316 0.468316 0.474475 0.474475 0.482394 0.482394 0.491194 0.491194 0.504098 0.504098 0.515537 0.515537 0.528443 0.528443 0.543694 0.543694 0.549267 0.549267 0.559533 0.559533 0.565693 0.565693 0.577131 0.577131 0.587690 0.587690 0.592676 0.592676 0.599129 0.599129 0.609981 0.609981 0.621420 0.621420 0.629926 0.629926 0.636085 0.636085 0.640778 0.640778 0.644298 0.644298 0.639899 0.639899 0.634912 0.634912 0.631393 0.631393 0.627579 0.627579 0.618781 0.618781 0.618487 0.618487 0.621127 0.621127 0.620540 0.620540 0.616141 0.616141 0.607635 0.607635 0.581531 0.581531 0.561000 0.561000 0.543401 0.543401 0.542228 0.542228 0.548094 0.548094 0.546921 0.546921 0.546334 0.546334 0.543988 0.543988 0.541348 0.541348 0.533429 0.533429 0.525510 0.525510 0.511431 0.511431 0.493833 0.493833 0.480048 0.480048
4 0.873368 0.873368 0.869555 0.869555 0.872195 0.872195 0.867502 0.867502 0.862809 0.862809 0.865449 0.865449 0.870142 0.870142 0.879234 0.879234 0.888033 0.888033 0.896246 0.896246 0.905338 0.905338 0.916191 0.916191 0.905631 0.905631 0.892433 0.892433 0.888327 0.888327 0.880701 0.880701 0.896539 0.896539 0.910618 0.910618 0.919710 0.919710 0.923230 0.923230 0.915310 0.915310 0.916484 0.916484 0.911791 0.911791 0.909737 0.909737 0.903871 0.903871 0.901232 0.901232 0.899765 0.899765 0.900646 0.900646 0.902405 0.902405 0.904458 0.904458 0.900646 0.900646 0.900646 0.900646 0.896246 0.896246 0.895073 0.895073 0.890967 0.890967 0.887740 0.887740 0.889207 0.889207 0.895952 0.895952 0.895659 0.895659 0.885394 0.885394
4 0.639899 0.639899 0.641951 0.641951 0.652511 0.652511 0.655444 0.655444 0.642832 0.642832
4 0.650457 0.650457 0.656323 0.656323 0.672455 0.672455 0.662483 0.662483 0.654270 0.654270
4 0.668056 0.668056 0.687707 0.687707 0.698266 0.698266 0.699732 0.699732 0.675975 0.675975 0.670988 0.670988
4 0.705011 0.705011 0.710878 0.710878 0.711757 0.711757
4 0.688880 0.688880 0.696799 0.696799 0.693572 0.693572
4 0.721144 0.721144 0.720850 0.720850 0.725543 0.725543 0.725543 0.725543 0.731996 0.731996 0.738155 0.738155 0.739328 0.739328 0.745195 0.745195 0.742848 0.742848 0.737275 0.737275 0.739328 0.739328 0.739622 0.739622 0.732875 0.732875 0.732875 0.732875 0.730236 0.730236 0.729942 0.729942 0.734049 0.734049 0.727596 0.727596
4 0.741381 0.741381 0.749301 0.749301 0.758686 0.758686 0.753993 0.753993 0.745195 0.745195 0.744021 0.744021
4 0.722610 0.722610 0.721144 0.721144 0.723783 0.723783 0.726716 0.726716