0 0.374038 0.202404 0.586859 0.253606 0.706410 0.279808 0.780769 0.359375 0.787500 0.360096 0.794872 0.355529 0.746154 0.304808 0.723397 0.277885 0.713782 0.272115 0.688141 0.265865 0.378846 0.192788 0.374679 0.197596
0 0.879487 0.539423 0.896474 0.540625 0.945192 0.539423 0.961538 0.537981 0.976603 0.534615 0.985577 0.529327 0.981090 0.517067 0.975000 0.507212 0.972756 0.503846 0.973077 0.498558 0.967308 0.494231 0.967628 0.485096 0.962821 0.477644 0.962821 0.469471 0.964103 0.463221 0.957051 0.455048 0.947436 0.456250 0.937179 0.459135 0.928205 0.459856 0.917628 0.465144 0.914103 0.470913 0.899679 0.475962 0.886218 0.481731 0.881731 0.487740 0.884615 0.492308 0.884615 0.501442 0.878526 0.504808 0.878205 0.516827 0.871795 0.527404 0.871154 0.534615
2 0.067628 0.753846 0.114103 0.716827 0.138141 0.706971 0.141987 0.708413 0.349038 0.667788 0.412821 0.655288 0.465705 0.744712 0.438141 0.795433 0.431090 0.798558 0.303205 0.818510 0.165385 0.835577 0.127244 0.837500 0.102564 0.812260 0.065705 0.760817 0.066026 0.756731
0 0.120833 0.811779 0.353205 0.735817 0.358333 0.740385 0.357692 0.747596 0.127244 0.819952 0.129167 0.824038 0.139103 0.824760 0.232692 0.794712 0.244551 0.801442 0.137179 0.836058 0.117949 0.833173 0.110577 0.826442 0.113141 0.817548
0 0.216346 0.822115 0.322115 0.792788 0.391026 0.770433 0.375962 0.743750 0.371474 0.722837 0.217949 0.770433 0.102885 0.806971 0.107692 0.818990 0.132051 0.843269 0.147436 0.840385
0 0.376923 0.654087 0.666346 0.408413 0.673397 0.405288 0.677564 0.416827 0.678205 0.430529 0.611538 0.488462 0.482051 0.600240 0.415064 0.656731 0.412500 0.654327 0.374359 0.662500 0.386859 0.654567
0 0.238462 0.395913 0.246154 0.398077 0.272115 0.401202 0.290705 0.402163 0.308333 0.408173 0.335256 0.420192 0.336859 0.425000 0.394231 0.431971 0.480769 0.440625 0.506090 0.445913 0.520833 0.450481 0.542949 0.456250 0.553526 0.469712 0.550641 0.489423 0.548718 0.498317 0.535256 0.500721 0.517628 0.510096 0.512500 0.515625 0.501603 0.522596 0.483013 0.524760 0.475321 0.524038 0.464103 0.522356 0.438462 0.519471 0.428526 0.521875 0.440705 0.526923 0.431090 0.527644 0.417628 0.537260 0.394551 0.543510 0.380449 0.538702 0.375641 0.543029 0.358974 0.546875 0.363462 0.529327 0.365385 0.520673 0.354487 0.521635 0.336859 0.496154 0.324679 0.483173 0.323397 0.487981 0.328846 0.494712 0.325641 0.496635 0.349679 0.527404 0.333654 0.521394 0.332051 0.516587 0.319872 0.528606 0.309615 0.549279 0.303205 0.549279 0.299359 0.535337 0.297756 0.547837 0.281090 0.545192 0.250962 0.551442 0.221154 0.549519 0.208974 0.547596 0.201603 0.540865 0.198397 0.541106 0.194231 0.534135 0.197115 0.515625 0.205769 0.484615 0.185577 0.509615 0.188141 0.500721 0.173718 0.491106 0.157051 0.461298 0.153846 0.450481 0.153205 0.446154 0.156731 0.431971 0.146795 0.437500 0.136538 0.425962 0.126282 0.409375 0.119551 0.392788 0.115064 0.381490 0.132051 0.376442 0.171474 0.397115 0.192628 0.408654 0.201282 0.407692 0.196154 0.402644
0 0.186538 0.394712 0.194551 0.398317 0.217308 0.394952 0.198077 0.393750
0 0.081410 0.374519 0.057372 0.365385 0.051603 0.362260 0.061859 0.349519 0.071474 0.362019 0.083974 0.347596 0.090705 0.351442 0.090385 0.359615 0.095513 0.353606 0.105769 0.357452
0 0.033654 0.342788 0.032692 0.332452 0.039744 0.320673 0.057372 0.314663 0.063462 0.313942 0.057692 0.322596 0.063462 0.322596 0.054487 0.332452 0.047756 0.331731 0.046474 0.339183
0 0.133333 0.333413 0.154487 0.342067 0.169872 0.346635 0.137821 0.345673 0.131731 0.338221
0 0.144872 0.357692 0.155769 0.363462 0.169551 0.371154 0.168590 0.355048