0 0.052331 0.693452 0.053819 0.687500 0.060516 0.678571 0.062748 0.672288 0.067212 0.668320 0.072669 0.661706 0.076141 0.658730 0.082589 0.659061 0.097718 0.658399 0.109375 0.653108 0.116071 0.642196 0.121776 0.632275 0.130952 0.624669 0.139881 0.622354 0.147817 0.619378 0.154762 0.614087 0.166667 0.615410 0.166915 0.625331 0.171875 0.637235 0.209077 0.675595 0.221726 0.693452 0.211310 0.719577 0.200149 0.717923 0.186260 0.707341 0.180308 0.706019 0.182788 0.711640 0.177827 0.711310 0.165923 0.731481 0.155506 0.730159 0.135417 0.715278 0.127976 0.711640 0.121280 0.708995 0.117063 0.704034
0 0.831597 0.684193 0.861607 0.686508 0.891617 0.685847 0.935516 0.680886 0.955853 0.675595 0.976438 0.663029 0.964782 0.640542 0.950397 0.598876 0.945188 0.578704 0.920139 0.541997 0.901042 0.538029 0.888393 0.533730 0.884425 0.524471 0.871280 0.518188 0.863839 0.545966 0.858631 0.575397 0.852431 0.584325 0.842014 0.612434 0.835565 0.635582 0.832093 0.660053
0 0.874752 0.501653 0.876984 0.483466 0.895585 0.512566
0 0.780754 0.676587 0.768105 0.675595 0.743304 0.670635 0.719990 0.663360 0.684028 0.645833 0.683532 0.634590 0.680804 0.628638 0.675595 0.612765 0.660218 0.602183 0.624504 0.584325 0.622768 0.578373 0.611855 0.572751 0.609871 0.517196 0.602431 0.508929 0.603423 0.486442 0.606399 0.471561 0.608631 0.447751 0.610367 0.422288 0.600198 0.416997 0.598710 0.429563 0.592510 0.491402 0.588542 0.488757 0.539187 0.410053 0.533482 0.400463 0.539187 0.439153 0.534970 0.449735 0.517361 0.452050 0.508929 0.451389 0.469494 0.440807 0.448909 0.430886 0.414435 0.410714 0.405506 0.401455 0.398065 0.383929 0.389385 0.374669 0.378720 0.351190 0.386905 0.333003 0.397569 0.318122 0.412450 0.316468 0.428075 0.304894 0.434276 0.288360 0.426091 0.279431 0.418651 0.276455 0.426091 0.257275 0.431796 0.250331 0.439484 0.245370 0.444692 0.239418 0.450893 0.242063 0.448413 0.248016 0.462550 0.244709 0.479663 0.250992 0.502232 0.254299 0.516121 0.261574 0.539435 0.277778 0.551339 0.287368 0.549851 0.305886 0.575893 0.336640 0.596478 0.364087 0.600942 0.369048 0.600694 0.395172 0.609375 0.390873 0.611111 0.382937 0.617063 0.383267 0.624256 0.361772 0.631448 0.355159 0.636161 0.331019 0.609375 0.303241 0.632688 0.308532 0.648562 0.309193 0.651042 0.294974 0.660962 0.288690 0.670139 0.294643 0.681052 0.308532 0.692212 0.313823 0.696677 0.321098 0.723958 0.326720 0.726190 0.335648 0.727927 0.352513 0.743056 0.328704 0.766865 0.352513 0.771825 0.371032 0.782738 0.388558 0.795883 0.403108 0.827133 0.423611 0.821181 0.482474 0.799603 0.478505 0.796379 0.484458 0.793403 0.485450 0.794395 0.490079 0.820437 0.498677 0.817212 0.513889 0.808780 0.550595 0.802331 0.573743 0.796379 0.588955 0.790675 0.596892 0.786706 0.599868 0.785714 0.610119 0.784970 0.628968 0.782738 0.646164 0.778026 0.662368 0.776042 0.666997
0 0.001984 0.547619 0.023313 0.545304 0.047867 0.548942 0.074157 0.559854 0.097718 0.573743 0.124008 0.590608 0.150298 0.614418 0.146081 0.619048 0.134921 0.623347 0.124256 0.629960 0.102183 0.598545 0.086310 0.583995 0.057292 0.572421 0.025050 0.564153 0.000992 0.564484
0 0.166171 0.602844 0.198413 0.616071 0.211806 0.622024 0.214038 0.657407 0.210317 0.670635 0.194196 0.659061 0.182540 0.646825 0.193204 0.640212 0.188244 0.619048
0 0.297867 0.589947 0.331597 0.569444 0.351935 0.560847 0.367808 0.554233 0.375744 0.573413 0.390129 0.595899 0.403522 0.601190 0.418899 0.606812 0.432044 0.651455 0.407242 0.650794 0.379464 0.656085 0.354663 0.662368 0.336806 0.662368 0.324653 0.641865 0.320188 0.629630 0.318452 0.617394 0.311508 0.602513 0.301587 0.595899
0 0.377728 0.548942 0.384921 0.544643 0.395585 0.538690 0.415675 0.595569 0.406002 0.590608 0.402530 0.585979 0.402530 0.576720 0.399058 0.576720 0.396825 0.584987 0.389881 0.574074 0.386409 0.570437 0.381944 0.562169 0.378472 0.554233
0 0.412450 0.528108 0.426587 0.520503 0.440476 0.513228 0.450645 0.512897 0.460565 0.515542 0.470982 0.529431 0.479415 0.541336 0.493800 0.566138 0.476687 0.561177 0.460317 0.556217 0.454117 0.556878 0.450397 0.568452 0.440724 0.601852 0.437500 0.600529
0 0.489335 0.539683 0.506200 0.542989 0.519345 0.548942 0.533978 0.549272 0.549107 0.550926 0.572669 0.566468 0.584325 0.580026 0.582093 0.595238 0.553075 0.583003 0.531746 0.577050 0.521329 0.574405 0.523313 0.562169 0.521825 0.553571 0.518601 0.553902 0.516865 0.570106 0.512401 0.569444 0.496032 0.549603
0 0.703869 0.787698 0.717758 0.786376 0.725942 0.769841 0.736855 0.752315 0.753720 0.736772 0.766121 0.722553 0.782242 0.739418 0.782738 0.752646 0.766121 0.764881 0.744296 0.780754 0.732143 0.790013 0.726190 0.795635 0.716518 0.799603 0.708333 0.801587 0.699405 0.798611
0 0.959077 0.509590 0.999752 0.500992 0.998760 0.555556 0.990327 0.546627 0.983135 0.546627 0.960069 0.526455
0 0.644345 0.190146 0.660714 0.196429 0.688244 0.198413 0.704365 0.202381 0.733135 0.238095 0.738343 0.239418 0.755704 0.254630 0.749752 0.269511 0.738343 0.276455 0.721726 0.284722 0.713542 0.263889 0.706597 0.261574 0.694444 0.242725 0.687004 0.224537 0.684772 0.211971 0.675595 0.221230 0.659226 0.216931 0.650298 0.215278 0.647569 0.201058 0.640377 0.201720 0.634921 0.193452
0 0.663938 0.253968 0.680060 0.238095 0.698165 0.265873 0.689484 0.274471 0.679315 0.267196 0.671131 0.265873
0 0.724702 0.114087 0.739087 0.110119 0.754464 0.090278 0.772321 0.077381 0.794395 0.071759 0.784474 0.089947 0.764385 0.118386 0.757937 0.123677 0.751736 0.122685 0.744048 0.131614 0.746528 0.138889 0.740079 0.152447 0.726687 0.149802 0.720982 0.138889 0.718750 0.127646
0 0.755208 0.149140 0.769593 0.136243 0.790675 0.141204 0.806796 0.143188 0.822421 0.166667 0.830109 0.189153 0.841022 0.230820 0.849702 0.254960 0.848462 0.266534 0.838542 0.261243 0.828869 0.254299 0.819692 0.229497 0.818204 0.196759 0.819444 0.183862 0.803075 0.185847 0.788938 0.187831 0.777778 0.186839 0.760913 0.172619 0.756200 0.165013
0 0.214782 0.211971 0.217262 0.196098 0.219742 0.184854 0.244544 0.176918 0.241567 0.170635 0.220486 0.176918 0.233631 0.150463 0.244296 0.136905 0.245040 0.148479 0.254712 0.149140 0.260665 0.171296 0.260417 0.202381 0.231151 0.208995
0 0.089782 0.760251 0.099702 0.744048 0.107639 0.743717 0.113343 0.741733 0.116567 0.745040 0.114335 0.760582 0.100198 0.772817 0.093502 0.767526