0 0.610384 0.841336 0.622480 0.831168 0.617185 0.823948 0.620189 0.819576 0.633545 0.827166 0.633783 0.823794 0.623154 0.815440 0.631376 0.809013 0.638407 0.823347 0.646148 0.843161 0.649742 0.856677 0.647168 0.879888 0.659537 0.881707 0.672022 0.896464 0.682415 0.898443 0.677830 0.904501 0.683400 0.912011 0.684902 0.916648 0.661703 0.919357 0.676719 0.922838 0.686362 0.921522 0.690352 0.928769 0.687386 0.940702 0.680350 0.947814 0.653992 0.946096 0.629688 0.941797 0.629015 0.945828 0.620676 0.949066 0.626606 0.934946 0.622893 0.931889 0.615382 0.937947 0.606491 0.938657 0.596180 0.922558 0.589185 0.921634 0.593096 0.929354 0.569782 0.917177 0.558955 0.911959 0.576501 0.911962 0.575713 0.906956 0.555597 0.906767 0.560025 0.897758 0.571567 0.885062 0.588918 0.880402 0.598044 0.888018 0.598994 0.882327 0.612943 0.884412 0.596743 0.876346 0.603067 0.869603 0.629863 0.862864 0.609987 0.849556
0 0.497485 0.618266 0.501441 0.602354 0.510413 0.595322 0.538277 0.584131 0.560169 0.587297 0.569730 0.598154 0.577553 0.605796 0.575615 0.615464 0.571779 0.628715 0.566085 0.643363 0.557429 0.652397 0.550590 0.660274 0.532923 0.668780 0.526166 0.668383 0.519290 0.662849 0.512456 0.655128 0.513125 0.664745 0.503248 0.651885 0.500403 0.647512 0.498943 0.640687
0 0.603383 0.493857 0.608402 0.494938 0.620178 0.496416 0.625950 0.485193 0.628718 0.474445 0.629472 0.462141 0.627695 0.457215 0.630107 0.448600 0.628765 0.443014 0.622917 0.439114 0.611338 0.436450 0.589958 0.441900 0.569405 0.452117 0.570392 0.459837 0.570271 0.472246 0.569400 0.475513 0.561574 0.483468 0.563191 0.495192 0.568963 0.487869 0.573351 0.481047 0.577698 0.480309 0.586313 0.483210 0.591846 0.481208 0.597259 0.485767 0.591568 0.488717 0.590855 0.494934 0.579315 0.497883 0.567025 0.497537 0.565640 0.501937 0.573820 0.503546 0.579986 0.501651 0.593581 0.500019
0 0.335419 0.240036 0.352926 0.234428 0.363478 0.233508 0.369762 0.228952 0.373084 0.222682 0.380199 0.213146 0.392963 0.212596 0.399640 0.227114 0.403270 0.254040 0.379636 0.257407 0.372446 0.247921 0.372602 0.256721 0.360548 0.260802 0.346994 0.256347 0.342885 0.249812 0.351343 0.245862 0.349566 0.240935 0.340989 0.245596
0 0.307212 0.192923 0.329774 0.203756 0.340248 0.199412 0.335823 0.192824 0.341515 0.189874 0.347917 0.186556 0.352264 0.191668 0.362659 0.183898 0.356258 0.179418 0.354521 0.170355 0.366852 0.162665 0.347489 0.159920 0.338281 0.156678 0.322278 0.147427 0.306237 0.130615 0.302284 0.134830 0.292761 0.131534 0.289439 0.139754 0.307026 0.139520 0.304929 0.144288 0.296946 0.149292 0.303150 0.153008 0.293902 0.153902 0.298523 0.169052 0.300061 0.179302 0.307332 0.182464 0.300733 0.183068 0.316025 0.190738
0 0.735440 0.380149 0.745357 0.388871 0.753694 0.395380 0.756893 0.409318 0.753927 0.417353 0.754400 0.424255 0.743807 0.431261 0.738948 0.423383 0.734404 0.417507 0.738358 0.411343 0.734249 0.404808 0.751320 0.407657 0.746382 0.402203 0.740809 0.402491 0.737610 0.396352 0.740693 0.393454 0.722752 0.393873 0.729274 0.385944
0 0.445911 0.251651 0.455005 0.228311 0.459906 0.226204 0.469703 0.241487 0.462982 0.258399 0.475823 0.271022 0.487244 0.266835 0.492063 0.278850 0.484950 0.276689 0.477917 0.274052 0.462861 0.272758 0.454995 0.277051 0.453970 0.269568 0.448199 0.269093 0.453933 0.252259 0.442944 0.265535
0 0.942223 0.470954 0.948469 0.466634 0.958506 0.466847 0.967198 0.477072 0.970872 0.484265 0.967472 0.491009 0.957315 0.491507 0.945460 0.490504 0.942142 0.483126 0.944396 0.479358 0.940405 0.476012
0 0.987403 0.424147 0.995662 0.427231 0.995305 0.439112 0.985978 0.436582 0.984715 0.430522 0.991275 0.428204 0.984320 0.427044
0 0.745705 0.236855 0.751079 0.241651 0.755700 0.249003 0.754039 0.255062 0.750837 0.262569 0.747122 0.267312 0.736254 0.262330 0.730525 0.257718 0.731238 0.253450 0.737600 0.254268 0.734243 0.245178 0.732939 0.241304 0.739499 0.242887
0 0.755656 0.274585 0.761346 0.275534 0.767156 0.275773 0.766720 0.280330 0.761976 0.289286 0.758933 0.286098 0.761029 0.281330 0.755181 0.277430 0.749055 0.277139
0 0.718194 0.263458 0.726809 0.262459 0.726967 0.267360 0.723687 0.265594
0 0.736886 0.268284 0.734078 0.275371 0.728705 0.274474 0.727834 0.279690 0.730995 0.280217 0.737160 0.276373 0.738821 0.274212 0.742773 0.273897 0.741707 0.270550
0 0.213493 0.287197 0.218709 0.289041 0.228945 0.286119 0.241591 0.284331 0.252853 0.286941 0.263245 0.294767 0.272491 0.301673 0.260832 0.305332 0.256445 0.308256 0.246170 0.309465 0.233762 0.305933 0.222540 0.301135 0.210804 0.293571