0 0.625962 0.202404 0.413141 0.253606 0.293590 0.279808 0.219231 0.359375 0.212500 0.360096 0.205128 0.355529 0.253846 0.304808 0.276603 0.277885 0.286218 0.272115 0.311859 0.265865 0.621154 0.192788 0.625321 0.197596
0 0.120513 0.539423 0.103526 0.540625 0.054808 0.539423 0.038462 0.537981 0.023397 0.534615 0.014423 0.529327 0.018910 0.517067 0.025000 0.507212 0.027244 0.503846 0.026923 0.498558 0.032692 0.494231 0.032372 0.485096 0.037179 0.477644 0.037179 0.469471 0.035897 0.463221 0.042949 0.455048 0.052564 0.456250 0.062821 0.459135 0.071795 0.459856 0.082372 0.465144 0.085897 0.470913 0.100321 0.475962 0.113782 0.481731 0.118269 0.487740 0.115385 0.492308 0.115385 0.501442 0.121474 0.504808 0.121795 0.516827 0.128205 0.527404 0.128846 0.534615
2 0.932372 0.753846 0.885897 0.716827 0.861859 0.706971 0.858013 0.708413 0.650962 0.667788 0.587179 0.655288 0.534295 0.744712 0.561859 0.795433 0.568910 0.798558 0.696795 0.818510 0.834615 0.835577 0.872756 0.837500 0.897436 0.812260 0.934295 0.760817 0.933974 0.756731
0 0.879167 0.811779 0.646795 0.735817 0.641667 0.740385 0.642308 0.747596 0.872756 0.819952 0.870833 0.824038 0.860897 0.824760 0.767308 0.794712 0.755449 0.801442 0.862821 0.836058 0.882051 0.833173 0.889423 0.826442 0.886859 0.817548
0 0.783654 0.822115 0.677885 0.792788 0.608974 0.770433 0.624038 0.743750 0.628526 0.722837 0.782051 0.770433 0.897115 0.806971 0.892308 0.818990 0.867949 0.843269 0.852564 0.840385
0 0.623077 0.654087 0.333654 0.408413 0.326603 0.405288 0.322436 0.416827 0.321795 0.430529 0.388462 0.488462 0.517949 0.600240 0.584936 0.656731 0.587500 0.654327 0.625641 0.662500 0.613141 0.654567
0 0.761538 0.395913 0.753846 0.398077 0.727885 0.401202 0.709295 0.402163 0.691667 0.408173 0.664744 0.420192 0.663141 0.425000 0.605769 0.431971 0.519231 0.440625 0.493910 0.445913 0.479167 0.450481 0.457051 0.456250 0.446474 0.469712 0.449359 0.489423 0.451282 0.498317 0.464744 0.500721 0.482372 0.510096 0.487500 0.515625 0.498397 0.522596 0.516987 0.524760 0.524679 0.524038 0.535897 0.522356 0.561538 0.519471 0.571474 0.521875 0.559295 0.526923 0.568910 0.527644 0.582372 0.537260 0.605449 0.543510 0.619551 0.538702 0.624359 0.543029 0.641026 0.546875 0.636538 0.529327 0.634615 0.520673 0.645513 0.521635 0.663141 0.496154 0.675321 0.483173 0.676603 0.487981 0.671154 0.494712 0.674359 0.496635 0.650321 0.527404 0.666346 0.521394 0.667949 0.516587 0.680128 0.528606 0.690385 0.549279 0.696795 0.549279 0.700641 0.535337 0.702244 0.547837 0.718910 0.545192 0.749038 0.551442 0.778846 0.549519 0.791026 0.547596 0.798397 0.540865 0.801603 0.541106 0.805769 0.534135 0.802885 0.515625 0.794231 0.484615 0.814423 0.509615 0.811859 0.500721 0.826282 0.491106 0.842949 0.461298 0.846154 0.450481 0.846795 0.446154 0.843269 0.431971 0.853205 0.437500 0.863462 0.425962 0.873718 0.409375 0.880449 0.392788 0.884936 0.381490 0.867949 0.376442 0.828526 0.397115 0.807372 0.408654 0.798718 0.407692 0.803846 0.402644
0 0.813462 0.394712 0.805449 0.398317 0.782692 0.394952 0.801923 0.393750
0 0.918590 0.374519 0.942628 0.365385 0.948397 0.362260 0.938141 0.349519 0.928526 0.362019 0.916026 0.347596 0.909295 0.351442 0.909615 0.359615 0.904487 0.353606 0.894231 0.357452
0 0.966346 0.342788 0.967308 0.332452 0.960256 0.320673 0.942628 0.314663 0.936538 0.313942 0.942308 0.322596 0.936538 0.322596 0.945513 0.332452 0.952244 0.331731 0.953526 0.339183
0 0.866667 0.333413 0.845513 0.342067 0.830128 0.346635 0.862179 0.345673 0.868269 0.338221
0 0.855128 0.357692 0.844231 0.363462 0.830449 0.371154 0.831410 0.355048