0 0.115865 0.240064 0.325721 0.666667 0.336779 0.655769 0.132212 0.228846 0.125240 0.230769 0.117788 0.235256
0 0.012981 0.387821 0.020192 0.362821 0.032452 0.334295 0.048317 0.308974 0.066827 0.286218 0.092788 0.261859 0.116346 0.244231 0.142548 0.229808 0.167548 0.220192 0.190385 0.214103 0.211298 0.212500 0.234135 0.213462 0.259856 0.219872 0.285337 0.233013 0.300000 0.244551 0.311538 0.258974 0.320673 0.274359 0.331250 0.298397 0.337981 0.320192 0.340865 0.340064 0.340144 0.362500 0.334615 0.389744 0.327885 0.409295 0.315144 0.434936 0.300240 0.458013 0.280048 0.482051 0.256731 0.478846 0.238462 0.473397 0.254567 0.480769 0.261538 0.483974 0.268990 0.490385 0.255048 0.501923 0.230529 0.520833 0.208413 0.533013 0.175962 0.545513 0.147356 0.551923 0.114423 0.551603 0.092788 0.548077 0.063942 0.536218 0.044712 0.518910 0.028606 0.497115 0.020673 0.477244 0.014183 0.454167 0.010096 0.425641 0.010096 0.407051
0 0.107212 0.550321 0.088462 0.546474 0.063702 0.535897 0.043029 0.518910 0.028365 0.496474 0.020192 0.476603 0.013462 0.450321 0.009856 0.421795 0.011779 0.396474 0.017788 0.371154 0.024760 0.351923 0.032933 0.333013 0.053846 0.299679 0.077404 0.275321 0.115385 0.244231 0.141106 0.229808 0.174519 0.218590 0.204327 0.213141 0.226683 0.213462 0.250000 0.217628 0.275481 0.227244 0.290144 0.235897 0.307212 0.253205 0.320192 0.272115 0.331250 0.296474 0.338462 0.321154 0.341106 0.340705 0.340385 0.362821 0.337019 0.382372 0.332212 0.397436 0.343990 0.461859 0.350000 0.494551 0.278365 0.482051 0.256250 0.477885 0.238702 0.472756 0.260577 0.483654 0.269712 0.490064 0.285337 0.495513 0.314183 0.504808 0.333894 0.510256 0.340625 0.509295 0.350000 0.513141 0.354327 0.513782 0.363462 0.564103 0.363942 0.599359 0.360096 0.623077 0.347837 0.650962 0.334615 0.671154 0.320192 0.683013 0.314183 0.686859 0.286538 0.691026 0.259375 0.701923 0.244471 0.701923 0.222356 0.686859
0 0.313221 0.170513 0.327885 0.176282 0.348558 0.180128 0.374519 0.183013 0.381490 0.175000 0.369471 0.166026 0.355048 0.161538 0.338702 0.159936 0.327644 0.159295 0.315865 0.162179 0.311058 0.166667
0 0.387260 0.164423 0.387740 0.156731 0.404087 0.155769 0.397596 0.192628 0.395913 0.173077 0.392308 0.166346
0 0.368269 0.228526 0.374760 0.228526 0.376442 0.219872 0.382212 0.209295 0.387019 0.203205 0.393269 0.196795 0.397115 0.195513 0.397837 0.201282 0.403606 0.183654 0.410817 0.166026 0.412019 0.170833 0.405529 0.184615 0.404567 0.192308 0.411298 0.182372 0.413942 0.184295 0.407452 0.193590 0.414423 0.191667 0.416346 0.210897 0.407452 0.196795 0.404808 0.202244 0.415865 0.218590 0.414423 0.227564 0.415144 0.237179 0.417788 0.239744 0.415385 0.250321 0.411298 0.253526 0.403125 0.252885 0.408413 0.248397 0.405769 0.242308 0.400962 0.240385 0.393029 0.238782 0.390385 0.236218 0.386538 0.238782 0.377644 0.239103 0.371875 0.237179
0 0.668750 0.530128 0.676442 0.497436 0.694952 0.429808 0.707692 0.388141 0.704808 0.358333 0.705048 0.325641 0.713942 0.290385 0.724760 0.269551 0.733173 0.257692 0.744952 0.241987 0.771154 0.223077 0.797115 0.213462 0.826202 0.209936 0.850481 0.215705 0.873558 0.220192 0.907212 0.239103 0.927644 0.251603 0.943269 0.267949 0.959135 0.287821 0.977163 0.315705 0.994952 0.360577 0.998798 0.408654 0.999038 0.435577 0.993029 0.457372 0.983173 0.485577 0.973077 0.502564 0.956971 0.519551 0.927885 0.534936 0.903365 0.541667 0.891587 0.541987 0.885337 0.548718 0.804567 0.627885 0.797115 0.637500 0.775481 0.645192 0.754567 0.598077 0.750721 0.578526 0.738702 0.545833 0.718029 0.505449 0.720433 0.517308 0.728606 0.555769 0.739183 0.599038 0.745673 0.622115 0.754327 0.649038 0.733413 0.644872 0.721875 0.638141 0.713462 0.629167 0.700481 0.615705 0.691587 0.606731 0.686058 0.593910 0.678606 0.579808 0.670913 0.552885 0.667788 0.549359
0 0.706250 0.374038 0.703606 0.350321 0.705288 0.321154 0.712260 0.294231 0.723077 0.271474 0.737260 0.250000 0.755769 0.231410 0.775481 0.219872 0.800000 0.213141 0.826683 0.210577 0.849279 0.213141 0.871635 0.219551 0.891346 0.229167 0.912019 0.240385 0.926442 0.252564 0.941587 0.265385 0.958894 0.286218 0.968510 0.301603 0.978846 0.316667 0.986298 0.336218 0.995913 0.360897 0.998798 0.435897 0.994712 0.452564 0.983894 0.483974 0.975481 0.499359 0.961298 0.515385 0.954808 0.520513 0.929087 0.533974 0.904087 0.541987 0.884135 0.540064 0.855288 0.534936 0.830288 0.526282 0.810096 0.516026 0.785337 0.499359 0.770673 0.487179 0.749760 0.464423 0.733654 0.440385 0.720913 0.416987 0.711298 0.394231
0 0.756971 0.412821 0.866827 0.328846 0.992308 0.228205 0.997115 0.228205 0.998798 0.230769 0.998798 0.250962 0.838942 0.369872 0.763462 0.428846
0 0.651442 0.850641 0.661058 0.847115 0.693990 0.845833 0.712019 0.883974 0.723317 0.915064 0.723798 0.925962 0.691827 0.918269 0.675962 0.870513 0.669952 0.858013 0.672356 0.879808 0.678846 0.916026 0.672115 0.912500 0.664904 0.891987 0.656731 0.870833
0 0.646394 0.831731 0.643029 0.817308 0.646154 0.814744 0.643750 0.812500 0.646875 0.806731 0.667788 0.782372 0.679087 0.766346 0.679808 0.781731 0.677644 0.795833 0.679808 0.810577 0.682933 0.811538 0.685577 0.827564 0.682212 0.836218 0.658894 0.832692
0 0.305769 0.999038 0.304567 0.980449 0.341106 0.974038 0.323077 0.999359
0 0.313462 0.945513 0.332692 0.931410 0.347115 0.926923 0.361779 0.940385 0.321394 0.943910
0 0.355288 0.925321 0.373077 0.922436 0.364904 0.933013
0 0.407692 0.928526 0.424279 0.948077 0.434856 0.955449 0.468990 0.923718 0.455529 0.911538 0.414423 0.919872
0 0.391346 0.949679 0.400721 0.938462 0.416587 0.960897
0 0.354808 0.998718 0.387740 0.954808 0.421635 0.970513 0.395673 0.998397 0.405769 0.994551 0.427885 0.980128 0.440144 0.999359
0 0.447596 0.969551 0.492788 0.936218 0.520673 0.952244 0.539663 0.961218 0.550000 0.998077 0.486538 0.999359 0.468510 0.982692 0.462260 0.988782 0.453606 0.976282
0 0.570673 0.978205 0.585817 0.980769 0.587740 0.998397 0.574760 0.998397
0 0.000000 0.630128 0.019231 0.619551 0.040625 0.605449 0.059375 0.589744 0.063221 0.585256 0.069471 0.569872 0.090144 0.551282 0.085337 0.545833 0.063221 0.534936 0.043510 0.519551 0.028125 0.496474 0.024760 0.488782 0.016106 0.496474 0.010577 0.501282 0.003125 0.501603 0.000000 0.501923
0 0.347356 0.339744 0.388942 0.324679 0.375240 0.308654 0.370433 0.316667 0.353365 0.332051
0 0.403606 0.325641 0.430529 0.312179 0.436298 0.352564
0 0.389663 0.307692 0.392548 0.320192 0.420433 0.285577 0.423798 0.280449 0.396875 0.276603 0.392067 0.300321
0 0.449519 0.314103 0.450962 0.337821 0.449519 0.353846 0.445192 0.360256 0.472115 0.383013 0.476442 0.383013 0.481490 0.359295 0.476202 0.351603 0.466587 0.348397 0.456971 0.347115 0.453125 0.340385 0.456490 0.337179 0.463702 0.338462 0.457452 0.329808 0.454087 0.325962
0 0.477885 0.305449 0.489663 0.325321 0.502885 0.330128 0.511779 0.314103 0.499038 0.307692
0 0.462500 0.293910 0.469471 0.290705 0.495913 0.300000 0.484375 0.300000 0.473077 0.294872
0 0.484375 0.382051 0.502163 0.383013 0.503365 0.377885 0.495192 0.363141 0.487740 0.357692
0 0.508894 0.334615 0.522356 0.318590 0.524760 0.323077 0.515865 0.338141
0 0.408173 0.346474 0.404087 0.348718 0.401683 0.355769 0.405529 0.358333 0.408894 0.370833 0.416587 0.372436 0.408654 0.382051 0.410337 0.385256 0.418269 0.387821 0.417548 0.376603 0.427644 0.366987 0.436298 0.360256 0.432692 0.354808 0.403606 0.331410 0.401442 0.335897
0 0.428365 0.388782 0.429808 0.396795 0.440865 0.391346 0.453125 0.385256 0.461298 0.383974 0.457692 0.378205 0.452644 0.377885 0.439183 0.371154
0 0.380048 0.427885 0.387981 0.434615 0.401442 0.437179 0.404087 0.421795 0.388221 0.423718
0 0.416346 0.419551 0.408654 0.436218 0.420192 0.437179 0.439423 0.437821 0.434856 0.418269 0.426923 0.415064
0 0.438942 0.406731 0.450240 0.432372 0.462260 0.428205 0.469231 0.427885 0.474760 0.425641 0.465625 0.406410 0.450000 0.404487
0 0.353365 0.371795 0.357452 0.363462 0.376683 0.348077 0.385817 0.343910 0.381971 0.351923 0.366106 0.363782
0 0.364183 0.571154 0.380769 0.592628 0.389904 0.592949 0.394231 0.572115 0.395192 0.590385 0.408173 0.571474 0.405048 0.557692 0.400721 0.550321 0.384615 0.550000 0.372356 0.558333 0.364904 0.561538
0 0.364663 0.589744 0.370913 0.590385 0.377885 0.604167 0.371875 0.618910 0.361298 0.625641 0.361058 0.620513 0.363462 0.599679
0 0.397837 0.618590 0.398558 0.649679 0.411779 0.631410 0.405288 0.619872 0.401202 0.612821
0 0.417067 0.576603 0.425240 0.555128 0.433413 0.555128 0.432452 0.565064 0.424279 0.575641
0 0.404087 0.660577 0.413942 0.646795 0.410577 0.662500