3 0.134673 0.760582 0.148065 0.756944 0.170883 0.739418 0.176835 0.756614 0.177083 0.776786 0.171379 0.782407 0.174107 0.791667 0.169891 0.795966 0.150546 0.796296 0.143105 0.792659 0.138393 0.778439
3 0.177827 0.796627 0.160962 0.799934 0.168899 0.820437 0.187004 0.819114 0.189484 0.812831
3 0.259921 0.920635 0.250000 0.939484 0.234127 0.968254 0.230655 0.978836 0.224702 0.979497 0.218006 0.965939 0.219494 0.953373 0.225694 0.943122 0.225198 0.934193 0.249008 0.920966 0.256944 0.922288
3 0.161458 0.945767 0.155010 0.955688 0.159722 0.959987 0.172371 0.959325 0.178323 0.958333 0.187748 0.945437
3 0.203621 0.932540 0.224454 0.938492 0.224206 0.946429 0.214534 0.961310 0.216022 0.966601 0.207589 0.957341
3 0.548115 0.881614 0.544395 0.894841 0.531498 0.905754 0.540675 0.941799 0.551091 0.950728 0.561508 0.964616 0.577877 0.978836 0.578125 0.960648 0.573165 0.949074 0.565476 0.909061 0.564484 0.884590 0.557292 0.880622
3 0.566716 0.885582 0.572173 0.886574 0.584821 0.885251 0.585069 0.901124 0.581349 0.914021 0.580853 0.934193 0.579365 0.959987 0.573661 0.949405 0.569940 0.928571 0.566716 0.898810 0.565228 0.888228
3 0.581597 0.845899 0.568452 0.832011 0.562748 0.834325 0.564236 0.853175 0.570685 0.868056 0.577381 0.884259 0.584077 0.884259
3 0.565476 0.858466 0.574405 0.882606 0.572669 0.885582 0.565476 0.883598
3 0.561508 0.833995 0.564980 0.881283 0.559524 0.879960 0.547619 0.880622 0.542411 0.871362
3 0.547371 0.815807 0.561508 0.829034 0.541171 0.870701 0.536706 0.859458 0.546875 0.836971
3 0.541667 0.807540 0.535962 0.802910 0.534226 0.792659 0.526786 0.778108 0.518849 0.765542 0.511657 0.756614 0.502480 0.755622 0.502976 0.777778 0.492560 0.779101 0.491567 0.815807 0.498512 0.820437 0.498016 0.834656 0.503224 0.860780 0.515873 0.857804 0.528274 0.848545 0.537698 0.851852
3 0.531250 0.866402 0.537946 0.885913 0.524058 0.900132 0.515625 0.899471 0.492560 0.885582 0.493056 0.864087 0.496032 0.861442 0.510913 0.863095
3 0.493056 0.893188 0.490327 0.915675 0.494048 0.915675 0.494048 0.921958 0.508433 0.926587 0.510665 0.921296 0.509425 0.910053 0.509425 0.902116 0.502728 0.892857
3 0.527778 0.897817 0.530010 0.901455 0.521329 0.914683 0.512153 0.910384 0.512401 0.900794 0.520337 0.902116
3 0.454613 0.889220 0.454365 0.898479 0.454861 0.909722 0.456845 0.918651 0.464782 0.918981 0.473462 0.915013 0.489087 0.907407 0.491815 0.891865 0.491567 0.874669 0.488591 0.837632 0.480407 0.829696 0.474950 0.820767 0.465030 0.815476 0.460069 0.809524 0.448909 0.821759 0.460069 0.827381 0.454861 0.838955 0.463294 0.852513 0.468502 0.862765 0.455357 0.862103 0.452629 0.868386 0.453373 0.876653 0.451141 0.881944 0.451141 0.887897
3 0.470486 0.759921 0.482143 0.770833 0.489087 0.744378 0.484871 0.739087 0.479663 0.742725 0.477183 0.739418 0.471230 0.751653 0.472222 0.756283
3 0.475198 0.776124 0.479663 0.779431 0.475694 0.817460 0.465774 0.814484 0.469494 0.792659
3 0.464038 0.770503 0.461062 0.798611 0.451141 0.799272 0.455109 0.791336 0.455109 0.778108 0.459077 0.762897
3 0.449901 0.768188 0.458581 0.753968 0.463046 0.752976 0.466022 0.757937 0.465278 0.768188 0.460069 0.762897 0.454117 0.776786
3 0.443948 0.872354 0.436756 0.877976 0.445437 0.917328 0.451141 0.911706 0.445933 0.899471
3 0.153522 0.504299 0.170883 0.524471 0.173611 0.540013 0.166419 0.556548 0.160466 0.564153 0.129960 0.551257 0.121280 0.538690 0.122272 0.525463 0.131448 0.516865 0.140377 0.505291