0 0.475000 0.901683 0.474359 0.930769 0.478526 0.936298 0.493910 0.941346 0.512821 0.943510 0.527885 0.943510 0.538141 0.940865 0.545833 0.936058 0.548077 0.931490 0.549679 0.909135 0.521474 0.914183 0.504167 0.912019 0.485256 0.909135
0 0.473397 0.930288 0.474679 0.901683 0.472436 0.895433 0.481731 0.888462 0.477244 0.881971 0.466987 0.874038 0.453846 0.862260 0.444551 0.849519 0.433333 0.829808 0.424679 0.808413 0.418910 0.780769 0.416667 0.743510 0.419551 0.718029 0.428526 0.665865 0.435577 0.602644 0.446154 0.518269 0.450641 0.499038 0.449679 0.485817 0.459615 0.436058 0.465385 0.404808 0.472115 0.382692 0.480769 0.362019 0.490385 0.349038 0.504487 0.343029 0.516987 0.343029 0.531090 0.348798 0.547756 0.355048 0.553846 0.348798 0.565064 0.338221 0.571795 0.336058 0.584295 0.336779 0.595833 0.338942 0.601282 0.343990 0.608333 0.357212 0.620192 0.354808 0.632692 0.353846 0.641987 0.355769 0.648718 0.362019 0.653846 0.374279 0.657692 0.387981 0.652885 0.475481 0.647436 0.502644 0.643590 0.513702 0.639423 0.573558 0.629808 0.701442 0.629487 0.716346 0.632372 0.729567 0.631731 0.757933 0.626923 0.781731 0.617628 0.819952 0.589103 0.858413 0.566667 0.877404 0.547436 0.889663 0.546154 0.893750 0.552564 0.899279 0.551282 0.906731 0.550641 0.914183 0.548077 0.933173 0.545192 0.937019 0.536538 0.941827 0.527885 0.943510 0.512500 0.944231 0.493269 0.941346 0.478205 0.937260
4 0.908013 0.216827 0.903846 0.213462 0.906731 0.201683 0.901603 0.189904 0.896474 0.183894 0.899359 0.180769 0.904487 0.172837 0.914423 0.164423 0.924038 0.165144 0.933013 0.161779 0.942949 0.156971 0.954808 0.171154 0.943269 0.174038 0.928846 0.171635 0.924359 0.168029 0.916026 0.168029 0.933333 0.175000 0.948718 0.177163 0.958654 0.179327 0.962500 0.187019 0.953846 0.189663 0.955128 0.193510 0.950000 0.195192 0.947756 0.192308 0.941346 0.194231 0.938462 0.205529 0.936859 0.209856 0.937821 0.219471 0.939744 0.223798 0.941987 0.226202 0.937821 0.228606 0.937821 0.242548 0.933013 0.242067 0.931731 0.232452 0.927244 0.232452 0.923718 0.230048 0.925321 0.225000 0.932692 0.225721 0.932372 0.220433 0.921154 0.217788
4 0.652885 0.371394 0.655128 0.363702 0.666667 0.365625 0.669872 0.368750 0.656090 0.377163
4 0.664423 0.380048 0.670833 0.373798 0.688462 0.368269 0.677564 0.383654 0.668590 0.384135
4 0.683654 0.385817 0.705128 0.383894 0.716667 0.384375 0.718269 0.378606 0.692308 0.369952 0.686859 0.380048
4 0.724038 0.361058 0.730449 0.369471 0.731410 0.363702
4 0.706410 0.359375 0.715064 0.364183 0.711538 0.356250
4 0.741667 0.401202 0.741346 0.408413 0.746474 0.409375 0.746474 0.406250 0.753526 0.400240 0.760256 0.399760 0.761538 0.392067 0.767949 0.392067 0.765385 0.382212 0.759295 0.380048 0.761538 0.377885 0.761859 0.368990 0.754487 0.367308 0.754487 0.375481 0.751603 0.381250 0.751282 0.386779 0.755769 0.392308 0.748718 0.398798
4 0.763782 0.377885 0.772436 0.379808 0.782692 0.373077 0.777564 0.369712 0.767949 0.368750 0.766667 0.372837
4 0.743269 0.355288 0.741667 0.363221 0.744551 0.366106 0.747756 0.362981