0 0.066338 0.309000 0.066338 0.298000 0.069627 0.284500 0.077851 0.280500 0.093750 0.281750 0.106908 0.301750 0.100329 0.317000 0.086075 0.324000 0.078399 0.323500
0 0.548794 0.331500 0.554276 0.314000 0.565241 0.306750 0.612939 0.306500 0.678180 0.309750 0.689693 0.311500 0.697368 0.330250 0.697368 0.341500 0.675987 0.350000 0.654605 0.351000 0.612390 0.349000 0.565241 0.346250 0.550987 0.339750
0 0.612939 0.506750 0.626096 0.497000 0.626645 0.489500 0.622807 0.487250 0.609101 0.487750 0.600877 0.485500 0.601425 0.481750 0.616228 0.473000 0.629386 0.472250 0.597039 0.459250 0.628838 0.461750 0.686952 0.469750 0.720943 0.472000 0.747259 0.472000 0.762610 0.471000 0.779605 0.472250 0.798794 0.473750 0.819079 0.475250 0.834430 0.476500 0.827851 0.488750 0.818531 0.496750 0.812500 0.500750 0.781250 0.482000 0.771382 0.479000 0.759868 0.473000 0.750548 0.474250 0.776864 0.488750 0.807018 0.504500 0.824561 0.513250 0.817434 0.520250 0.796601 0.527000 0.768092 0.528000 0.747259 0.520750 0.712719 0.504250 0.646930 0.480000 0.632675 0.474000 0.625000 0.477250 0.657895 0.489750 0.694627 0.504500 0.689693 0.515000
0 0.597588 0.447000 0.605811 0.443500 0.611294 0.435250 0.629934 0.430750 0.640351 0.424750 0.649123 0.419750 0.665022 0.416500 0.724781 0.427500 0.752193 0.439000 0.746711 0.446750 0.758772 0.451000 0.784539 0.451500 0.815789 0.465500 0.760417 0.462250 0.729167 0.459250 0.687500 0.439250 0.684211 0.442250 0.712171 0.456500 0.700658 0.458750 0.635417 0.454000
0 0.695724 0.409000 0.717105 0.404000 0.739583 0.397250 0.755482 0.387750 0.768640 0.392000 0.776864 0.392250 0.788925 0.399250 0.794956 0.406250 0.780702 0.409000 0.787281 0.414000 0.792763 0.423250 0.817982 0.431000 0.837171 0.442750 0.838268 0.448000 0.820175 0.446000 0.757675 0.429250 0.709978 0.416000
0 0.676535 0.758750 0.712171 0.763500 0.763158 0.764500 0.807018 0.764750 0.842654 0.765000 0.879386 0.767000 0.899123 0.770750 0.915022 0.775000 0.932566 0.781750 0.936404 0.797000 0.933114 0.805500 0.910088 0.813000 0.881579 0.814250 0.853618 0.814000 0.821272 0.812750 0.778509 0.809750 0.751645 0.809500 0.725329 0.803000 0.679276 0.791250 0.652961 0.778750 0.624452 0.760750
0 0.260417 0.919750 0.348684 0.921750 0.351974 0.930500 0.351425 0.936500 0.353070 0.961500 0.351974 0.976000 0.342654 0.979000 0.321272 0.979000 0.300439 0.975750 0.272478 0.973250 0.252741 0.969000 0.229167 0.957250 0.224232 0.947750 0.222039 0.941000 0.258772 0.935500
0 0.029057 0.946500 0.040570 0.933500 0.046601 0.925500 0.049890 0.917750 0.055373 0.916750 0.052632 0.911500 0.023026 0.896500 0.001096 0.903500 0.001096 0.937750 0.001645 0.957250 0.007127 0.955500 0.002193 0.933000 0.013706 0.934750
0 0.143092 0.623000 0.271930 0.565750 0.297149 0.555000 0.372259 0.656500 0.377193 0.670000 0.339912 0.670500 0.303728 0.672500 0.294956 0.677750 0.311952 0.690000 0.273026 0.694750 0.234101 0.700750 0.201754 0.692750 0.157346 0.648000 0.144737 0.635750 0.140351 0.630000
0 0.319627 0.187500 0.342654 0.203250 0.373355 0.226000 0.372807 0.230000 0.351425 0.232500 0.298246 0.220250 0.298246 0.210000 0.308662 0.203750
4 0.503289 0.648500 0.533991 0.636500 0.542215 0.638000 0.542215 0.651750 0.526864 0.651500 0.526864 0.647250