4 0.292545 0.893909 0.280309 0.891232 0.279179 0.897925 0.291980 0.901272
4 0.326619 0.980924 0.314383 0.984940 0.314571 0.992303 0.327937 0.986278
4 0.472703 0.717537 0.461408 0.722557 0.462349 0.726908 0.473833 0.722222
4 0.362764 0.741633 0.359375 0.741299 0.356551 0.754351 0.358810 0.757363
4 0.536898 0.644578 0.532191 0.653280 0.535203 0.657296 0.538780 0.648594
4 0.542357 0.354083 0.535956 0.356426 0.536145 0.361111
4 0.536898 0.422356 0.529179 0.419344 0.528050 0.422691 0.535015 0.426037
4 0.445030 0.427041 0.438253 0.429719 0.438441 0.433735 0.445783 0.430723
4 0.451807 0.445783 0.449172 0.444444 0.445407 0.451138 0.448795 0.451807
4 0.238517 0.545181 0.228727 0.545850 0.228727 0.549866 0.237764 0.549531
4 0.254330 0.517403 0.244729 0.522423 0.245294 0.525770 0.253953 0.522758
4 0.360505 0.509705 0.350904 0.512383 0.351092 0.519076 0.360316 0.514726
4 0.331325 0.488286 0.333961 0.500669 0.337349 0.497992 0.335090 0.487282
4 0.272026 0.505020 0.270896 0.514391 0.273908 0.516064 0.274096 0.506024
4 0.145896 0.598728 0.138554 0.603414 0.137236 0.598394 0.145143 0.594712
4 0.034827 0.790830 0.027673 0.803213 0.026920 0.799197 0.032568 0.789491
4 0.066453 0.830991 0.070595 0.838353 0.069842 0.841700 0.066642 0.840027 0.064383 0.836345
4 0.411709 0.637885 0.406250 0.641901 0.406250 0.646921 0.412651 0.644913
4 0.128389 0.943775 0.124623 0.957497 0.129706 0.956493 0.132154 0.944444
4 0.022779 0.751339 0.022214 0.763052 0.025226 0.763387 0.023908 0.757697 0.025414 0.750669