0 0.665064 0.818510 0.675321 0.806490 0.668910 0.800240 0.671154 0.795433 0.685577 0.800721 0.685256 0.797356 0.673397 0.790865 0.680449 0.783173 0.689744 0.796154 0.700641 0.814423 0.706410 0.827163 0.707692 0.850481 0.720192 0.850240 0.734936 0.862740 0.745513 0.862981 0.741987 0.869712 0.748718 0.876202 0.750962 0.880529 0.728526 0.887019 0.743910 0.887981 0.753205 0.885096 0.758333 0.891587 0.757372 0.903846 0.751603 0.912019 0.725321 0.914663 0.700641 0.914423 0.700641 0.918510 0.692949 0.923077 0.696474 0.908173 0.692308 0.905769 0.685897 0.912981 0.677244 0.915144 0.664423 0.900962 0.657372 0.901202 0.662500 0.908173 0.637500 0.900000 0.625962 0.896635 0.643269 0.893750 0.641667 0.888942 0.621795 0.892067 0.624679 0.882452 0.633974 0.868029 0.650321 0.860577 0.660577 0.866587 0.660577 0.860817 0.674679 0.860577 0.657372 0.855288 0.662500 0.847596 0.687821 0.836538 0.666026 0.826683
0 0.516987 0.617067 0.518269 0.600721 0.525962 0.592308 0.551603 0.576683 0.573718 0.576202 0.584936 0.585337 0.593910 0.591587 0.593590 0.601442 0.591987 0.615144 0.588782 0.630529 0.581731 0.640865 0.576282 0.649760 0.560256 0.661058 0.553526 0.661779 0.545833 0.657452 0.537821 0.650962 0.540064 0.660337 0.528205 0.649279 0.524679 0.645433 0.522115 0.638942
0 0.600962 0.476923 0.606090 0.477163 0.617949 0.476683 0.621795 0.464663 0.622756 0.453606 0.621474 0.441346 0.618910 0.436779 0.619872 0.427885 0.617628 0.422596 0.611218 0.419712 0.599359 0.418990 0.579167 0.427885 0.560577 0.441346 0.562821 0.448798 0.564744 0.461058 0.564423 0.464423 0.558013 0.473558 0.561538 0.484856 0.566026 0.476683 0.569231 0.469231 0.573397 0.467788 0.582372 0.469231 0.587500 0.466346 0.593590 0.469952 0.588462 0.473798 0.588782 0.480048 0.577885 0.484856 0.565705 0.486538 0.565064 0.491106 0.573397 0.491346 0.579167 0.488462 0.592308 0.484615
0 0.294872 0.270673 0.311218 0.262260 0.321474 0.259615 0.326923 0.254087 0.329167 0.247356 0.334615 0.236779 0.347115 0.234135 0.356090 0.247356 0.364103 0.273317 0.341346 0.280529 0.332692 0.272356 0.334295 0.281010 0.323077 0.287019 0.308974 0.284856 0.303846 0.279087 0.311538 0.273798 0.308974 0.269231 0.301282 0.275240
0 0.259295 0.228846 0.283333 0.235817 0.292949 0.229808 0.287500 0.224038 0.292628 0.220192 0.298397 0.215865 0.303526 0.220192 0.312500 0.210817 0.305449 0.207452 0.302244 0.198798 0.313141 0.189183 0.293590 0.189663 0.283974 0.187981 0.266667 0.181490 0.248077 0.167548 0.244872 0.172356 0.234936 0.170673 0.233013 0.179327 0.250321 0.176202 0.249038 0.181250 0.241987 0.187500 0.248718 0.190144 0.239744 0.192548 0.246795 0.206731 0.250000 0.216587 0.257692 0.218510 0.251282 0.220192 0.267628 0.225240
0 0.006731 0.960096 0.035256 0.961058 0.054808 0.954087 0.033333 0.917308 0.047436 0.925481 0.059295 0.925000 0.068590 0.886298 0.056731 0.879808 0.034295 0.894231 0.035256 0.884135 0.052564 0.871635 0.042628 0.859135 0.054808 0.860096 0.066346 0.854808 0.068910 0.833894 0.050321 0.824760 0.043910 0.833413 0.036859 0.834615 0.011859 0.828125 0.008974 0.832452 0.016026 0.836779 0.031090 0.835577 0.029487 0.842308 0.020833 0.847596 0.022115 0.853606 0.027244 0.863462 0.026282 0.868750 0.006410 0.859135 0.004487 0.868750 0.002564 0.895192 0.012179 0.897356 0.016987 0.888221 0.026282 0.883654 0.020833 0.897837 0.031731 0.898558 0.043590 0.907692 0.025962 0.910096 0.019872 0.916346 0.014103 0.906490 0.005128 0.912981 0.001923 0.923558 0.018269 0.922356 0.003205 0.928846 0.001923 0.946394 0.007372 0.954087
0 0.712500 0.343029 0.723718 0.350000 0.733013 0.355048 0.738462 0.368269 0.736859 0.376683 0.738462 0.383413 0.729167 0.392067 0.723077 0.385096 0.717628 0.380048 0.720513 0.373317 0.715385 0.367548 0.732692 0.367548 0.726923 0.362981 0.721474 0.364183 0.717308 0.358654 0.719872 0.355288 0.702244 0.358654 0.707372 0.349760
0 0.405769 0.263942 0.410897 0.239423 0.415385 0.236538 0.427564 0.250000 0.423718 0.267788 0.438462 0.278125 0.449038 0.272115 0.455769 0.283173 0.448397 0.282212 0.441026 0.280769 0.425962 0.281971 0.418910 0.287500 0.416667 0.280288 0.410897 0.280769 0.413782 0.263221 0.405128 0.278125
0 0.931410 0.398558 0.936859 0.393269 0.946795 0.391827 0.957051 0.400481 0.961859 0.406971 0.959615 0.414183 0.949679 0.416346 0.937821 0.417308 0.933333 0.410577 0.934936 0.406490 0.930449 0.403846
0 0.968269 0.344952 0.976923 0.346635 0.978526 0.358413 0.968910 0.357452 0.966667 0.351683 0.972756 0.348317 0.965705 0.348317
0 0.699038 0.200000 0.705128 0.203846 0.710897 0.210337 0.710256 0.216587 0.708333 0.224519 0.705449 0.229808 0.693910 0.226683 0.687500 0.223077 0.687500 0.218750 0.693910 0.218510 0.689103 0.210096 0.687179 0.206490 0.693910 0.206971
0 0.715064 0.235577 0.720833 0.235577 0.726603 0.234856 0.726923 0.239423 0.723718 0.249038 0.720192 0.246394 0.721474 0.241346 0.715064 0.238462 0.708974 0.239183
0 0.676282 0.230769 0.684615 0.228365 0.685577 0.233173 0.682051 0.231971
0 0.695513 0.232452 0.693910 0.239904 0.688462 0.239904 0.688462 0.245192 0.691667 0.245192 0.697115 0.240385 0.698397 0.237981 0.702244 0.237019 0.700641 0.233894
0 0.182372 0.337260 0.187821 0.338221 0.197436 0.333654 0.209615 0.329808 0.221154 0.330529 0.232692 0.336538 0.242949 0.341827 0.232051 0.347356 0.228205 0.350962 0.218269 0.353846 0.205449 0.352404 0.193590 0.349519 0.180769 0.343990